97 1 7
-260 -260
-260 -195
-260 -130
-260 -65
-260 0
-260 65
-260 130
-260 195
-260 260
-208 -156
-208 156
-195 -260
-195 -195
-195 -130
-195 -65
-195 0
-195 65
-195 130
-195 195
-195 260
-156 -208
-156 208
-130 -260
-130 -195
-130 -130
-130 -65
-130 0
-130 65
-130 130
-130 195
-130 260
-104 -78
-104 78
-100 -240
-100 240
-78 -104
-78 104
-65 -260
-65 -195
-65 -130
-65 -65
-65 0
-65 65
-65 130
-65 195
-65 260
-50 -120
-50 120
0 -260
0 -195
0 -130
0 -65
0 0
0 65
0 130
0 195
0 260
65 -260
65 -195
65 -130
65 -65
65 0
65 65
65 130
65 195
65 260
78 -104
78 104
130 -260
130 -195
130 -130
130 -65
130 0
130 65
130 130
130 195
130 260
156 -208
156 208
195 -260
195 -195
195 -130
195 -65
195 0
195 65
195 130
195 195
195 260
260 -260
260 -195
260 -130
260 -65
260 0
260 65
260 130
260 195
260 260
