FAM D=54 ell=6 count=24 nF=14 blocks: 01234 0156 2356 0257 1357 1267 0367 1258 0358 0268 1368 0178 2378 45678
FAM D=54 ell=6 count=24 nF=14 blocks: 01234 0156 2356 1257 0357 0267 1367 0258 1358 1268 0368 0178 2378 45678
FAM D=54 ell=6 count=24 nF=14 blocks: 01234 0156 2456 0257 1457 1267 0467 1258 0458 0268 1468 0178 2478 35678
FAM D=54 ell=6 count=24 nF=14 blocks: 01234 0156 2456 1257 0457 0267 1467 0258 1458 1268 0468 0178 2478 35678
FAM D=54 ell=6 count=24 nF=14 blocks: 01234 0156 3456 0357 1457 1367 0467 1358 0458 0368 1468 0178 3478 25678
FAM D=54 ell=6 count=24 nF=14 blocks: 01234 0156 3456 1357 0457 0367 1467 0358 1458 1368 0468 0178 3478 25678
FAM D=54 ell=6 count=24 nF=14 blocks: 01234 0256 1356 0157 2357 1267 0367 1258 0358 0168 2368 0278 1378 45678
FAM D=54 ell=6 count=24 nF=14 blocks: 01234 0256 1356 1257 0357 0167 2367 0158 2358 1268 0368 0278 1378 45678
FAM D=54 ell=6 count=24 nF=14 blocks: 01234 0256 1456 0157 2457 1267 0467 1258 0458 0168 2468 0278 1478 35678
FAM D=54 ell=6 count=24 nF=14 blocks: 01234 0256 1456 1257 0457 0167 2467 0158 2458 1268 0468 0278 1478 35678
FAM D=54 ell=6 count=24 nF=14 blocks: 01234 0256 3456 0357 2457 2367 0467 2358 0458 0368 2468 0278 3478 15678
FAM D=54 ell=6 count=24 nF=14 blocks: 01234 0256 3456 2357 0457 0367 2467 0358 2458 2368 0468 0278 3478 15678
FAM D=54 ell=6 count=24 nF=14 blocks: 01234 1256 0356 0157 2357 0267 1367 0258 1358 0168 2368 1278 0378 45678
FAM D=54 ell=6 count=24 nF=14 blocks: 01234 1256 0356 0257 1357 0167 2367 0158 2358 0268 1368 1278 0378 45678
FAM D=54 ell=6 count=24 nF=14 blocks: 01234 1256 0456 0157 2457 0267 1467 0258 1458 0168 2468 1278 0478 35678
FAM D=54 ell=6 count=24 nF=14 blocks: 01234 1256 0456 0257 1457 0167 2467 0158 2458 0268 1468 1278 0478 35678
FAM D=54 ell=6 count=24 nF=14 blocks: 01234 1256 3456 1357 2457 2367 1467 2358 1458 1368 2468 1278 3478 05678
FAM D=54 ell=6 count=24 nF=14 blocks: 01234 1256 3456 2357 1457 1367 2467 1358 2458 2368 1468 1278 3478 05678
FAM D=54 ell=6 count=24 nF=14 blocks: 01234 0356 1456 0157 3457 1367 0467 1358 0458 0168 3468 0378 1478 25678
FAM D=54 ell=6 count=24 nF=14 blocks: 01234 0356 1456 1357 0457 0167 3467 0158 3458 1368 0468 0378 1478 25678
FAM D=54 ell=6 count=24 nF=14 blocks: 01234 0356 2456 0257 3457 2367 0467 2358 0458 0268 3468 0378 2478 15678
FAM D=54 ell=6 count=24 nF=14 blocks: 01234 0356 2456 2357 0457 0267 3467 0258 3458 2368 0468 0378 2478 15678
FAM D=54 ell=6 count=24 nF=14 blocks: 01234 1356 0456 0157 3457 0367 1467 0358 1458 0168 3468 1378 0478 25678
FAM D=54 ell=6 count=24 nF=14 blocks: 01234 1356 0456 0357 1457 0167 3467 0158 3458 0368 1468 1378 0478 25678
FAM D=54 ell=6 count=24 nF=14 blocks: 01234 1356 2456 1257 3457 2367 1467 2358 1458 1268 3468 1378 2478 05678
FAM D=54 ell=6 count=24 nF=14 blocks: 01234 1356 2456 2357 1457 1267 3467 1258 3458 2368 1468 1378 2478 05678
FAM D=54 ell=6 count=24 nF=14 blocks: 01234 2356 0456 0257 3457 0367 2467 0358 2458 0268 3468 2378 0478 15678
FAM D=54 ell=6 count=24 nF=14 blocks: 01234 2356 0456 0357 2457 0267 3467 0258 3458 0368 2468 2378 0478 15678
FAM D=54 ell=6 count=24 nF=14 blocks: 01234 2356 1456 1257 3457 1367 2467 1358 2458 1268 3468 2378 1478 05678
FAM D=54 ell=6 count=24 nF=14 blocks: 01234 2356 1456 1357 2457 1267 3467 1258 3458 1368 2468 2378 1478 05678
